0.000009712106156963331
0.000011553381215831838
0.000007428508920831213
-0.000010542949042318285
-0.00004337914009368602
-0.00008289637938321628
-0.00011094032997336087
-0.00010455628930376388
-0.000046963290258894676
0.00005945992533348677
0.00018492482167657944
0.00027562242065732885
0.00027185522245072596
0.00013697279556152672
-0.00011437466944842694
-0.00040405983649643664
-0.0006066605884011699
-0.0005955066147769338
-0.0003049841896917359
0.000217351376642046
0.000798315190262885
0.0011845907107282852
0.0011407377791669007
0.0005665745261938905
-0.00041793460552111937
-0.0014700974913692533
-0.0021270309731048088
-0.0019910687502076247
-0.0009305250232810809
0.0007952532866709435
0.0025631648468010942
0.003588235400095118
0.00324557512079135
0.0013898779867332976
-0.0014751183374263346
-0.004286527316153831
-0.005784200336501726
-0.005035576385445413
-0.0019188169518642721
0.0026613223832710896
0.0069732541803404794
0.009064192328403164
0.007579441812953344
0.0024735293121686415
-0.004718930531693252
-0.011251292413030753
-0.014128087479830735
-0.011355650871062835
-0.0029970833637567532
0.008450480766593096
0.0186348625038527
0.0228133724425735
0.01776010510837546
0.0034283104494326356
-0.0163243117443714
-0.034371889609687414
-0.042278714733158244
-0.0330394785502399
-0.0037124866492278708
0.04299392810462572
0.09883232541379217
0.15192943128705375
0.1899899389497956
0.20381170598867557
0.1899899389497956
0.15192943128705375
0.09883232541379217
0.04299392810462572
-0.0037124866492278708
-0.0330394785502399
-0.042278714733158244
-0.034371889609687414
-0.0163243117443714
0.0034283104494326356
0.01776010510837546
0.0228133724425735
0.0186348625038527
0.008450480766593096
-0.0029970833637567532
-0.011355650871062835
-0.014128087479830735
-0.011251292413030753
-0.004718930531693252
0.0024735293121686415
0.007579441812953344
0.009064192328403164
0.0069732541803404794
0.0026613223832710896
-0.0019188169518642721
-0.005035576385445413
-0.005784200336501726
-0.004286527316153831
-0.0014751183374263346
0.0013898779867332976
0.00324557512079135
0.003588235400095118
0.0025631648468010942
0.0007952532866709435
-0.0009305250232810809
-0.0019910687502076247
-0.0021270309731048088
-0.0014700974913692533
-0.00041793460552111937
0.0005665745261938905
0.0011407377791669007
0.0011845907107282852
0.000798315190262885
0.000217351376642046
-0.0003049841896917359
-0.0005955066147769338
-0.0006066605884011699
-0.00040405983649643664
-0.00011437466944842694
0.00013697279556152672
0.00027185522245072596
0.00027562242065732885
0.00018492482167657944
0.00005945992533348677
-0.000046963290258894676
-0.00010455628930376388
-0.00011094032997336087
-0.00008289637938321628
-0.00004337914009368602
-0.000010542949042318285
0.000007428508920831213
0.000011553381215831838
0.000009712106156963331
