0.000566, 
0.000058, 
-0.000194, 
-0.000000, 
0.000130, 
-0.000283, 
-0.000892, 
-0.000806, 
0.000224, 
0.001252, 
0.001166, 
0.000160, 
-0.000436, 
-0.000000, 
0.000348, 
-0.000696, 
-0.002350, 
-0.002218, 
0.000490, 
0.003277, 
0.003124, 
0.000502, 
-0.001085, 
-0.000000, 
0.000916, 
-0.001607, 
-0.005647, 
-0.005427, 
0.000894, 
0.007425, 
0.007200, 
0.001315, 
-0.002318, 
-0.000000, 
0.002083, 
-0.003214, 
-0.011904, 
-0.011738, 
0.001337, 
0.015164, 
0.015114, 
0.003104, 
-0.004608, 
-0.000000, 
0.004519, 
-0.006194, 
-0.024687, 
-0.025376, 
0.001711, 
0.032149, 
0.033674, 
0.007848, 
-0.010252, 
-0.000000, 
0.011791, 
-0.014972, 
-0.068473, 
-0.078867, 
0.001925, 
0.122387, 
0.161913, 
0.056583, 
-0.116034, 
0.799858, 
-0.116034, 
0.056583, 
0.161913, 
0.122387, 
0.001925, 
-0.078867, 
-0.068473, 
-0.014972, 
0.011791, 
-0.000000, 
-0.010252, 
0.007848, 
0.033674, 
0.032149, 
0.001711, 
-0.025376, 
-0.024687, 
-0.006194, 
0.004519, 
-0.000000, 
-0.004608, 
0.003104, 
0.015114, 
0.015164, 
0.001337, 
-0.011738, 
-0.011904, 
-0.003214, 
0.002083, 
-0.000000, 
-0.002318, 
0.001315, 
0.007200, 
0.007425, 
0.000894, 
-0.005427, 
-0.005647, 
-0.001607, 
0.000916, 
-0.000000, 
-0.001085, 
0.000502, 
0.003124, 
0.003277, 
0.000490, 
-0.002218, 
-0.002350, 
-0.000696, 
0.000348, 
-0.000000, 
-0.000436, 
0.000160, 
0.001166, 
0.001252, 
0.000224, 
-0.000806, 
-0.000892, 
-0.000283, 
0.000130, 
-0.000000, 
-0.000194, 
0.000058, 
0.000566
