0
0
0
0
0
0
0
0
0
0
0
0
0
0
0
0
0
0
0
0
0
0
0
0
0
0
0
0
0
0
0
0
0
0
0
0
0
0
0
0
0
0
0
0
0
0
0
0
0
0
0
0
549755114970
549744199633
549741262817
549735453780
549731815312
549731772854
549736281813
549745491881
2230354
15655285
26744732
32327407
30314692
20465578
4727675
549742976961
549728924492
549723830043
549731769243
549754183251
33445266
76082893
118793245
153309553
172287375
171115119
149023679
109154131
57998363
4004853
549711501284
549675662809
549655985339
549652511209
549662063638
549679172995
549697642639
549711998242
549718581314
549716383893
549706704542
549692571039
549677835152
549666002119
549659438923
549659136164
549664411392
549673637464
549684794979
549692648895
549707423126
549710812584
549712899848
549714328800
549715129602
549715446230
549715385580
549715067330
549714585478
549713957674
549713086486
549711848628
549710160616
549707966966
549705329826
549702397346
549699396726
549696629258
549694394818
549692923556
549692395780
549692884702
549694317374
549696574348
549699365384
549702265624
549704883958
549706874992
549708025194
549708221844
549707486246
549706010634
549704102828
549702099502
549700310608
549699006110
549698419614
549698681582
549699738490
549701463742
549703657064
549706032922
549708264944
549710082780
549711252410
549711664278
549711356668
549710418852
549708996418
549707325884
549705683706
549704259806
549703221274
549702690590
549702680654
549703145418
549703968456
549704959304
549705923094
549706687588
549707123476
549707156118
549706801602
549706162302
549705371844
549704558384
549703810432
549703208966
549702793066
549702519148
549702336760
549702191034
549701994368
549701723636
549701384696
549700999498
549700640452
549700381980
549700325114
549700536448
549701052660
549701867834
549702847066
549703846680
549704730458
549705369152
549705756482
549705927826
549705917654
549705840536
549705833800
549705999588
549706416360
549707137864
549708140116
549709381504
549710784086
549712203616
549713465802
549714376780
549714820388
549714719346
549714005198
549712696518
549710843528
549708536088
549705934918
549703204710
549700574948
549698302366
549696626344
549695732862
549695706528
549696543422
549698085982
549700049582
549702095148
549703904208
549705217440
549705893694
549705913794
549705356966
549704418904
549703381998
549702539090
549702120342
549702237636
549702881830
549703941034
549705217302
549706415316
549707271460
549707657856
549707566424
549707107188
549706457106
549705857294
549705550512
549705664060
549706206562
549707111738
549708225234
549709346208
549710277838
549710829308
549710908828
549710510112
549709682844
549708561616
549707287384
549706028656
549704964478
549704170370
549703652876
549703386494
549703308852
549703361502
549703500422
549703709756
549703977830
549704273692
549704580132
549704843578
549704981974
549704943210
549704680154
549704167132
549703462330
549702653924
549701837742
549701149530
549700714470
549700626096
549700945482
549701701330
549702866076
549704334364
549705974016
549707599296
549709023070
549710125616
549710819554
549711049394
549710856862
549710341628
549709592814
549708711942
549707796418
549706939844
549706241802
549705798580
549705651296
549705799192
549706235490
549706881914
549707611880
549708318022
549708886428
549709228228
549709289258
549709030820
549708434426
549707538346
549706403794
549705113062
549703797174
549702609776
549701702390
549701184066
549701109874
549701485372
549702244800
549703261854
549704396670
549705503860
549706442100
549707110064
549707445572
549707448674
549707189414
549706775198
549706345532
549706069462
549706084124
549706466442
549707196608
549708140710
549709124212
549709969310
549710505412
549710626860
549710319654
549709637824
549708692830
549707637754
549706636412
549705834738
549705352974
549705247682
549705477766
549705954888
549706567006
549707151538
549707563354
549707725550
549707608286
549707253044
549706770806
549706285296
549705889984
549705662368
549705618256
549705728632
549705948242
549706199468
549706380266
549706389178
549706151580
549705628962
549704820446
549703788142
549702675494
549701649812
549700887392
549700553750
549700744528
549701481952
549702700326
549704250226
549705948202
549707612720
549709073774
549710188254
549710870834
549711119862
549710985442
549710551814
549709938236
549709257186
549708608292
549708052854
549707567812
549707087812
549706547238
549705885008
549705107992
549704276910
549703482338
549702850538
549702483354
549702436438
549702706354
549703227612
549703898366
549704598948
549705205508
549705610336
549705748936
549705611706
549705255490
549704792688
549704352418
549704068776
549704048824
549704332204
549704884346
549705588088
549706288682
549706856058
549707189190
549707249246
549707086332
549706797094
549706491184
549706283372
549706264872
549706481930
549706928892
549707542402
549708217680
549708797436
549709113888
549709068098
549708598924
549707701632
549706488506
549705132710
549703845082
549702822728
549702200896
549702034282
549702319966
549702971494
549703831678
549704753436
549705586642
549706216816
549706592468
549706696286
549706557028
549706256708
549705899738
549705610580
549705452522
549705429898
549705545920
549705731782
549705907592
549706006566
549705985286
549705869740
549705714396
549705564604
549705469044
549705465096
549705528806
549705624434
549705703540
549705710558
549705646562
549705539958
549705403324
549705293626
549705291972
549705464470
549705881804
549706562266
549707482912
549708554652
549709627644
549710581168
549711244876
549711473280
549711278052
549710681382
549709761594
549708676792
549707543832
549706452752
549705500534
549704712646
549704077598
549703618114
549703325882
549703176922
549703141026
549703183436
549703286350
549703434760
549703621528
549703832446
549704060178
549704316466
549704599572
549704867720
549705086546
549705260748
549705423336
549705581484
549705732176
549705862380
549705970944
549706037082
549705990882
549705827478
549705570920
549705278570
549705034120
549704897304
549704903358
549705078258
549705401276
549705802046
549706186650
549706470596
549706619358
549706589978
549706374126
549706021288
549705574514
549705130666
549704821712
549704703544
549704833850
549705248856
549705864682
549706564742
549707232216
549707750230
549708047388
549708115084
549707964680
549707646270
549707242580
549706819580
549706412514
549706039322
549705717404
549705440648
549705198614
549704944056
549704635298
549704257044
549703785906
549703247360
549702696540
549702202644
549701870846
549701777112
549701972392
549702433510
549703096334
549703917360
549704802428
549705652746
549706363068
549706874790
549707159692
549707187114
549706995432
549706649316
549706216962
549705795714
549705466138
549705254904
549705159604
549705142794
549705126946
549705032176
549704821802
549704495100
549704097144
549703714704
549703415780
549703257290
549703291910
549703532032
549703943598
549704483188
549705103594
549705757438
549706376174
549706891386
549707290018
549707591182
549707819416
549708016612
549708207696
549708388570
549708531130
549708557824
549708380434
549707963598
549707326424
549706533624
549705671704
549704860830
549704218978
549703812268
549703668966
549703755146
549703989358
549704291364
549704570028
549704750344
549704762434
549704581452
549704274726
549703911350
549703592428
549703449960
549703568836
549703985238
549704660500
549705490700
549706338546
549707067596
549707569504
549707784644
549707717764
549707408944
549706940580
549706413312
549705922396
549705547190
549705336464
549705309498
549705445132
549705675908
549705919602
549706086716
549706092166
549705884950
549705469166
549704927236
549704362434
549703873114
549703539752
549703407664
549703490508
549703742746
549704093378
549704476026
549704820924
549705095156
549705275730
549705364764
549705400044
549705434302
549705553114
549705824516
549706253046
549706792478
549707339274
549707759376
549707905362
549707653908
549706980444
549705939860
549704647054
549703298452
549702089686
549701190212
549700724746
549700741236
549701221012
549702093590
549703221176
549704418738
549705526012
549706408432
549706976452
549707205568
549707136370
549706865606
549706501002
549706132824
549705831146
549705613020
549705460580
549705340774
549705212922
549705060380
549704888198
549704704834
549704511404
549704310366
549704105966
549703876212
549703630192
549703409098
549703231104
549703110406
549703062680
549703100182
549703205988
549703370826
549703604438
549703881908
549704182416
549704495530
549704784992
549705018786
549705161108
549705200706
549705173470
549705111586
549705064254
549705078436
549705158502
549705298176
549705460578
549705616122
549705754058
549705848752
549705894640
549705907674
549705886268
549705831176
549705731306
549705577086
549705391048
549705207538
549705033274
549704892516
549704813996
549704789130
549704808188
549704857784
549704935220
549705054000
549705203468
549705349424
549705465382
549705502116
549705417444
549705170734
549704753814
549704212458
549703604574
549702988152
549702435362
549702010566
549701756124
549701711948
549701881992
549702242560
549702787942
549703473214
549704190974
549704838458
549705329172
549705610494
549705672260
549705544992
549705301280
549705022060
549704790128
549704659614
549704629894
549704689178
549704814638
549704958608
549705085116
549705160430
549705140916
549705019714
549704811698
549704553664
549704300998
549704111498
549704014278
549704037052
549704168006
549704336572
549704474468
549704529896
549704488356
549704375850
549704231642
549704116184
549704084382
549704138966
549704280702
549704471338
549704654992
549704787550
549704830196
549704757428
549704566408
549704287622
549703960272
549703639024
549703395518
549703294040
549703376178
549703621852
549703952728
549704285072
549704527514
549704594898
549704461324
549704157894
549703748914
549703343892
549703050320
549702927946
549703000628
549703268048
549703699398
549704224762
549704756094
549705204816
549705482640
549705540496
549705359988
549704952596
549704387604
549703782748
549703255448
549702908772
549702791668
549702898670
549703202984
549703645374
549704145436
549704621936
549705005342
549705253598
549705329632
549705220272
549704939950
549704522778
549704051608
549703625294
549703328422
549703224880
549703327676
549703616130
549704029600
549704480976
549704888068
549705176450
549705297602
549705216590
549704918536
549704438722
549703825038
549703139688
549702484230
549701946386
549701604848
549701520816
549701679874
549702019898
549702466538
549702933650
549703359800
549703699660
549703934114
549704088484
549704206772
549704322590
549704456976
549704636006
549704884258
549705198488
549705547812
549705889548
549706150370
549706256618
549706143290
549705777102
549705187248
549704438938
549703632388
549702880106
549702271600
549701878936
549701739552
549701870216
549702253718
549702817148
549703489132
549704204394
549704855656
549705338512
549705577528
549705549710
549705289116
549704854152
549704331952
549703832804
549703440760
549703197802
549703105454
549703149484
549703302394
549703508226
549703733568
549703961742
549704158704
549704306170
549704422646
549704519984
549704631784
549704791946
549705015368
549705294898
549705583062
549705800802
549705898730
549705851060
549705655960
549705353134
549705022220
549704758056
549704615262
549704625696
549704783600
549705041138
549705341148
549705609836
549705779120
549705815322
549705689580
549705402266
549704996748
549704539880
549704107502
549703791544
549703678940
549703801400
549704118180
549704549646
549705004458
549705390660
549705622734
549705665446
549705538916
549705283134
549704947332
549704574720
549704208764
549703904102
549703679200
549703538446
549703484280
549703477232
549703473572
549703425466
549703290490
549703058022
549702765496
549702457976
549702185338
549702006816
549701960684
549702050120
549702248410
549702517990
549702831368
549703165530
549703502564
549703824966
549704103828
549704333742
549704515422
549704651736
549704773846
549704926782
549705145870
549705459372
549705868026
549706335694
549706799862
549707196432
549707474122
549707596004
549707535790
549707295190
549706880680
549706310200
549705619600
549704857250
549704078276
549703337080
549702683384
549702153254
549701754794
549701481608
549701318240
549701250778
549701285730
549701450784
549701772966
549702251656
549702852222
549703503750
549704118418
549704606758
549704889226
549704914178
549704685818
549704246122
549703664746
549703025062
549702417422
549701948318
549701709466
549701763934
549702125896
549702763526
549703613590
549704566158
549705485176
549706261162
549706833882
549707196078
549707352062
549707333798
549707217586
549707048910
549706866498
549706719444
549706627556
549706606372
549706660252
549706751598
549706830932
549706843976
549706726466
549706453940
549706026282
549705475128
549704882612
549704328950
549703877370
549703597182
549703499782
549703567352
549703804236
549704175524
549704621320
549705091480
549705519122
549705848460
549706043328
549706081934
549705992440
549705814272
549705589700
549705369130
549705173496
549704988618
549704791064
549704566756
549704304116
549704013888
549703728984
549703498728
549703364016
549703333692
549703409376
549703597376
549703896490
549704283250
549704725334
549705197676
549705670284
549706096372
549706442614
549706699360
549706882480
549707032800
549707176836
549707315314
549707464744
549707619246
549707726212
549707753346
549707692138
549707547114
549707343390
549707092930
549706806390
549706506558
549706174890
549705804260
549705423792
549705027018
549704620758
549704238142
549703883830
549703543480
549703216154
549702910262
549702645844
549702446058
549702344726
549702380796
549702555978
549702848860
549703253086
549703751716
549704313934
549704923652
549705551070
549706154670
549706689862
549707090230
549707314348
549707353320
549707217682
549706950698
549706623136
549706303198
549706040988
549705861552
549705757290
549705705554
549705684108
549705671744
549705665514
549705665648
549705674840
549705694842
549705698352
549705685464
549705673884
549705649400
549705594290
549705483934
549705296372
549705028416
549704680846
549704294366
549703950144
549703728152
549703705998
549703910388
549704305730
549704816482
549705343504
549705762908
549705976692
549705952430
549705710716
549705322746
549704884262
549704492254
549704240828
549704185206
549704334204
549704668554
549705128814
549705624034
549706050500
549706310904
549706370528
549706240252
549705973908
549705679416
549705463736
549705404786
549705538274
549705840706
549706242636
549706665858
549707034780
549707286820
549707389346
549707325306
549707106992
549706766552
549706336928
549705866448
549705399714
549704977790
549704647852
549704438024
549704347678
549704352262
549704410118
549704479956
549704540492
549704581244
549704595162
549704580262
549704543726
549704497680
549704435784
549704344734
549704265624
549704240202
549704289386
549704433002
549704654662
549704910688
549705166012
549705394166
549705577410
549705726376
549705864370
549706002108
549706144820
549706289754
549706421594
549706513376
549706530580
549706465378
549706313090
549706061852
549705722432
549705295344
549704787048
549704246602
549703721700
549703272068
549702969076
549702844164
549702897056
549703093196
549703379998
549703704470
549704007964
549704269674
549704490486
549704664432
549704789098
549704876410
549704945520
549705013674
549705105672
549705238950
549705430132
549705677552
549705941094
549706171466
549706313746
549706334372
549706250138
549706077218
549705862186
549705676534
549705557618
549705539522
549705634482
549705804898
549706011670
549706211810
549706350928
549706381794
549706264394
549705982100
549705548188
549705012642
549704462218
549704011342
549703747932
549703716742
549703926682
549704311366
549704771064
549705204272
549705505168
549705622252
549705551532
549705309546
549704957624
549704571814
549704212136
549703940234
549703794098
549703796400
549703938126
549704163092
549704405460
549704607002
549704723912
549704735648
549704666932
549704577358
549704534674
549704590340
549704757830
549705007776
549705288744
549705544286
549705715650
549705762330
549705693044
549705539670
549705340392
549705149956
549705016700
549704976170
549705061126
549705276538
549705591762
549705953930
549706282218
549706496966
549706521798
549706330144
549705960042
549705482326
549704995650
549704605052
549704378054
549704332622
549704446526
549704652662
549704872786
549705041230
549705100738
549705018564
549704802138
549704490416
549704141340
549703841576
549703672826
549703696794
549703940224
549704368940
549704905028
549705439990
549705855462
549706054920
549706001432
549705724104
549705290748
549704798796
549704338784
549703971616
549703742914
549703667670
549703722560
549703872446
549704083060
549704310578
549704499748
549704603366
549704598670
549704487436
549704299710
549704081996
549703884838
549703753470
549703709748
549703756162
549703878586
549704079618
549704351008
549704674396
549705044446
549705433160
549705771364
549705998136
549706068686
549705946230
549705639878
549705193446
549704679534
549704195752
549703831994
549703645878
549703654680
549703847582
549704188804
549704620468
549705070652
549705469018
549705760454
549705911126
549705915962
549705809504
549705670656
549705585276
549705615672
549705788724
549706074514
549706401450
549706668826
549706767312
549706625638
549706243408
549705679832
549705018924
549704354156
549703792732
549703424910
549703293780
549703395834
549703684562
549704074880
549704454454
549704718826
549704789610
549704630724
549704267236
549703785306
549703317366
549702991488
549702894616
549703048608
549703418396
549703906868
549704379778
549704735964
549704911114
549704880732
549704676528
549704363726
549704026942
549703759220
549703636230
549703697288
549703941610
549704329900
549704784936
549705213684
549705526728
549705665406
549705628312
549705475498
549705300778
549705208652
549705289756
549705574874
549706030818
549706572260
549707082368
549707455320
549707611470
549707506172
549707149336
549706594622
549705936608
549705283116
549704723638
549704345916
549704219206
549704346380
549704677966
549705124422
549705559138
549705862338
549705958690
549705833754
549705522028
549705098746
549704660472
549704296402
549704071360
549704008716
549704108906
549704351536
549704689274
549705075256
549705455788
549705769356
549705968490
549706023300
549705935680
549705737608
549705484250
549705240218
549705044862
549704911938
549704826112
549704763800
549704702648
549704626748
549704534986
549704439120
549704370922
549704346830
549704374710
549704461714
549704604526
549704795926
549705028008
549705280768
549705528104
549705743832
549705911198
549706012252
549706047544
549706058144
549706093792
549706191174
549706364316
549706588388
549706812866
549706972642
549707000826
549706860382
549706559894
549706142704
549705677378
549705243398
549704896320
549704672598
549704598134
549704656976
549704808822
549705004720
549705166796
549705229670
549705155200
549704921052
549704555754
549704133042
549703747926
549703497494
549703440026
549703576290
549703870804
549704252960
549704620438
549704885840
549704999820
549704951428
549704764796
549704473964
549704128710
549703798406
549703545386
549703409514
549703423604
549703590002
549703875412
549704232530
549704586934
549704860638
549705026236
549705084500
549705056280
549704998456
549704957000
549704968438
549705052018
549705176280
549705301244
549705398746
549705439034
549705402186
549705279050
549705065010
549704766354
549704413274
549704054056
549703737218
549703514882
549703428010
549703483204
549703651662
549703874020
549704075038
549704201912
549704232848
549704169820
549704041578
549703892472
549703763486
549703692332
549703696922
549703770042
549703900502
549704080202
549704293148
549704509868
549704694060
549704818914
549704879182
549704872392
549704819878
549704773986
549704778644
549704856860
549705007390
549705195592
549705379824
549705529298
549705613478
549705621836
549705569496
549705471022
549705347552
549705211324
549705061428
549704911998
549704780512
549704678548
549704622402
549704611096
549704630410
549704659306
549704669208
549704632430
549704539106
549704398038
549704225764
549704045232
549703859256
549703662838
549703462010
549703261526
549703080838
549702949594
549702892294
549702922556
549703029144
549703183670
549703354640
549703502948
549703613194
549703704754
549703795136
549703898140
549704035222
549704217440
549704439168
549704673254
549704907798
549705140250
549705353178
549705536432
549705678120
549705770466
549705823424
549705855952
549705901444
549706001846
549706182724
549706434092
549706701436
549706901206
549706953772
549706798742
549706409112
549705812888
549705081706
549704310136
549703608266
549703064126
549702723254
549702594516
549702655988
549702845936
549703084398
549703290012
549703384958
549703326046
549703119258
549702816852
549702508914
549702303242
549702291310
549702516482
549702956752
549703526556
549704098156
549704543920
549704770600
549704733884
549704452826
549704003760
549703498846
549703047576
549702738510
549702637466
549702777320
549703138048
549703644810
549704205220
549704715242
549705082790
549705258366
549705243356
549705094940
549704909912
549704789444
549704806174
549704978642
549705278984
549705644282
549705985882
549706220154
549706304834
549706233030
549706026140
549705726456
549705373012
549705001328
549704654088
549704365070
549704144916
549703992932
549703895054
549703833636
549703790748
549703754176
549703737130
549703768004
549703886474
549704121392
549704470944
549704902594
549705351814
549705740032
549705999278
549706081992
549705974382
549705699418
549705289862
549704787342
549704240134
549703693848
549703195912
549702792434
549702524476
549702429666
549702525812
549702798502
549703208818
549703700074
549704216428
549704713102
549705150302
549705501994
549705750976
549705886778
549705902444
549705794738
549705578336
549705286804
549704967166
549704658094
549704387616
549704162004
549703963280
549703769466
549703572784
549703379584
549703204284
549703071454
549703006524
549703026984
549703129986
549703289094
549703483594
549703703256
549703936910
549704177142
549704414742
549704626766
549704790336
549704890920
549704918668
549704882202
549704805740
549704720448
549704654886
549704623812
549704615538
549704610746
549704597366
549704571364
549704536972
549704505620
549704484276
549704475210
549704475396
549704475170
549704471738
549704473864
549704494392
549704545670
549704627028
549704726382
549704816792
549704870684
549704876496
549704839846
549704780614
549704731392
549704719206
549704741448
549704771868
549704776752
549704718944
549704568556
549704316498
549703977024
549703579692
549703165712
549702776016
549702453280
549702262398
549702263696
549702484954
549702922106
549703533944
549704237938
549704928616
549705496136
549705853434
549705963944
549705845970
549705562230
549705193588
549704824384
549704525398
549704347704
549704310692
549704398776
549704583660
549704826238
549705077834
549705294984
549705439368
549705494934
549705477752
549705422272
549705375636
549705378200
549705438514
549705531156
549705595056
549705560026
549705376894
549705027602
549704536894
549703973886
549703422144
549702966144
549702676458
549702595940
549702730228
549703056352
549703529072
549704076262
549704613550
549705057506
549705339298
549705424186
549705319344
549705076192
549704782268
549704531382
549704393910
549704397594
549704523566
549704716848
549704901012
549705002192
549704974826
549704805184
549704499474
549704093458
549703645460
549703223372
549702896994
549702730466
549702771976
549703025578
549703449632
549703965178
549704463654
549704842824
549705039102
549705037384
549704876692
549704631972
549704388550
549704225854
549704195990
549704319878
549704584980
549704952698
549705380054
549705816034
549706202152
549706492454
549706655230
549706677450
549706569022
549706363510
549706101826
549705818296
549705536410
549705260356
549704981118
549704687522
549704372958
549704058400
549703788798
549703607670
549703544380
549703608852
549703783268
549704016124
549704242842
549704419006
549704518760
549704532472
549704467790
549704338666
549704173408
549704007338
549703866768
549703784506
549703789278
549703886518
549704061136
549704275278
549704471302
549704594856
549704617308
549704534512
549704363972
549704140118
549703909600
549703699742
549703516378
549703359884
549703222662
549703106752
549703030704
549703009374
549703052556
549703163982
549703331490
549703539104
549703774986
549704028432
549704298384
549704579772
549704856198
549705097136
549705261958
549705315290
549705242236
549705060686
549704811988
549704545578
549704312160
549704155992
549704103260
549704152824
549704293654
549704513462
549704787528
549705079766
549705345130
549705534388
549705611018
549705550284
549705343414
549705023918
549704654456
549704306166
549704037764
549703882984
549703843666
549703903578
549704039568
549704215774
549704400530
549704579326
549704746022
549704885854
549704989092
549705054034
549705084840
549705104450
549705137132
549705194986
549705284788
549705397248
549705496090
549705546580
549705531474
549705445756
549705307490
549705142130
549704974358
549704812126
549704644656
549704454940
549704227672
549703956064
549703650304
549703336224
549703045538
549702808236
549702646068
549702577482
549702619694
549702790136
549703097922
549703530120
549704056058
549704624960
549705164250
549705604346
549705902438
549706052620
549706079662
549706029052
549705945854
549705863536
549705804162
549705775536
549705772264
549705777572
549705779230
549705772158
549705738088
549705657280
549705515532
549705301078
549705024616
549704715780
549704410976
549704153110
549703976604
549703889438
549703870936
549703898608
549703955034
549704026932
549704112222
549704218760
549704355356
549704515922
549704683370
549704841150
549704974338
549705076714
549705155326
549705217512
549705265064
549705293764
549705291322
549705244114
549705148390
549705017412
549704868460
549704720756
549704596956
549704503164
549704430206
549704368068
549704314010
549704278820
549704280754
549704341748
549704471404
549704657862
549704874786
549705084686
549705249172
549705343748
549705367288
549705337532
549705269686
549705176448
549705066446
549704945942
549704832828
549704744688
549704699524
549704712418
549704783716
549704895486
549705016802
549705123198
549705201956
549705249030
549705271946
549705287904
549705310510
549705326098
549705305972
549705223506
549705061410
549704819342
549704517934
549704190518
549703871800
549703590128
549703364396
549703201400
549703110306
549703099960
549703177634
549703350422
549703614334
549703940974
549704284622
549704596008
549704840190
549704995688
549705050392
549705013382
549704898318
549704715316
549704480622
549704213182
549703938268
549703695098
549703533514
549703493844
549703587164
549703795946
549704085276
549704405926
549704708276
549704957304
549705142154
549705260108
549705310288
549705294376
549705210232
549705057816
549704843442
549704590662
549704342788
549704142128
549704025616
549704007020
549704082968
549704233172
549704426348
549704631484
549704816648
549704953464
549705015866
549704977846
549704821402
549704546200
549704184570
549703791682
549703439820
549703196654
549703110056
549703194810
549703426164
549703748196
549704106556
549704449000
549704739692
549704967576
549705124690
549705212978
549705243380
549705225682
549705176906
549705120788
549705085608
549705083440
549705105124
549705125994
549705113450
549705033520
549704863464
549704609516
549704307264
549704002558
549703741042
549703558542
549703466994
549703460618
549703528570
549703663750
549703856198
549704093212
549704363136
549704640842
549704896858
549705097156
549705221228
549705270106
549705249752
549705172424
549705048266
549704879434
549704663692
549704403040
549704116218
549703835480
549703613370
549703502020
549703534244
549703713698
549704012060
549704378942
549704759054
549705089702
549705322694
549705433676
549705414000
549705270848
549705019032
549704693386
549704350112
549704053132
549703865924
549703826976
549703942844
549704185820
549704496494
549704793210
549705008400
549705112862
549705106478
549705013170
549704872114
549704731034
549704628278
549704585770
549704616720
549704724908
549704899134
549705118592
549705343040
549705515844
549705590100
549705529754
549705327844
549705008352
549704619884
549704227098
549703891158
549703649416
549703508638
549703456420
549703468888
549703519878
549703590338
549703665400
549703731186
549703778708
549703799094
549703791510
549703769048
549703760298
549703799744
549703909150
549704087928
549704314022
549704548536
549704748324
549704871964
549704903476
549704858964
549704772880
549704681822
549704614886
549704585408
549704586420
549704612418
549704649830
549704674006
549704670130
549704623846
549704519120
549704344028
549704101716
549703818108
549703540310
549703324390
549703220444
549703252902
549703413518
549703670416
549703967588
549704250546
549704482682
549704652256
549704767056
549704837600
549704870568
549704871600
549704843304
549704790230
549704720328
549704642786
549704563986
549704481592
549704386674
549704260222
549704092504
549703890270
549703675180
549703484030
549703362770
549703348136
549703450946
549703656962
549703937184
549704258266
549704592666
549704915450
549705205148
549705440320
549705598150
549705661042
549705614572
549705464604
549705237286
549704978670
549704744156
549704571006
549704474050
549704446726
549704468606
549704516846
549704571942
549704619894
549704655784
549704675716
549704667028
549704619600
549704532350
549704414776
549704287524
549704181126
549704126426
549704133900
549704195028
549704285988
549704370950
549704417240
549704405572
549704341284
549704244038
549704136328
549704034580
549703947732
549703888860
549703875054
549703920178
549704039250
549704241910
549704512564
549704813748
549705099350
549705319640
549705434462
549705423390
549705299498
549705098078
549704855378
549704605068
549704379938
549704194056
549704059466
549703991564
549704002194
549704090082
549704234604
549704402662
549704554100
549704648738
549704663476
549704595740
549704468836
549704324952
549704201730
549704120374
549704088734
549704109442
549704175634
549704282900
549704434444
549704633530
549704873598
549705131998
549705373198
549705562764
549705681688
549705730636
549705721778
549705674468
549705609400
549705539906
549705467768
549705386216
549705292768
549705191182
549705090606
549705004624
549704939804
549704892436
549704852866
549704809842
549704764060
549704728368
549704729632
549704791402
549704915364
549705085724
549705272282
549705437152
549705551710
549705606506
549705609996
549705582156
549705546080
549705516076
549705492236
549705463484
549705415886
549705338956
549705233552
549705102628
549704949552
549704776228
549704587488
549704400714
549704238252
549704127840
549704104256
549704194468
549704396180
549704667312
549704944564
549705164226
549705272010
549705234952
549705051988
549704756706
549704398804
549704031770
549703699046
549703436666
549703277220
549703241928
549703339186
549703566314
549703897608
549704279568
549704650864
549704951914
549705142152
549705207220
549705162028
549705039112
549704872262
549704693208
549704527248
549704389910
549704290494
549704243702
549704265020
549704357720
549704510994
549704694146
549704865722
549704984856
549705023844
549704983760
549704893042
549704793460
549704729534
549704728802
549704796968
549704924896
549705092130
549705269930
549705430020
549705543728
549705578896
549705505496
549705306510
549704990056
549704589374
549704156714
549703761950
549703476806
549703342300
549703362776
549703507202
549703723022
549703957216
549704167998
549704327164
549704431238
549704490794
549704519386
549704530868
549704538342
549704559464
549704609668
549704703440
549704844730
549705023042
549705210848
549705372880
549705478178
549705510466
549705476952
549705405586
549705329032
549705275024
549705248812
549705234846
549705207682
549705141704
549705021608
549704846584
549704632036
549704402122
549704177782
549703976878
549703818816
549703725606
549703720394
549703823602
549704047340
549704383946
549704795728
549705228798
549705626952
549705941024
549706138304
549706215394
549706186012
549706060702
549705855078
549705584362
549705263100
549704915166
549704575092
549704286694
549704090652
549704005626
549704018570
549704094714
549704197344
549704289782
549704339368
549704339426
549704301720
549704248376
549704195894
549704156434
549704142050
549704162870
549704231634
549704358958
549704539044
549704751706
549704964954
549705143198
549705258242
549705296088
549705271396
549705221910
549705188672
549705200658
549705261992
549705354124
549705444490
549705498606
549705491646
549705412664
549705273790
549705095676
549704895136
549704690558
549704500570
549704346162
549704252394
549704239026
549704313900
549704469560
549704683380
549704915090
549705121804
549705275110
549705369882
549705420430
549705445726
549705465040
549705485530
549705500294
549705497204
549705462752
549705393226
549705301812
549705202712
549705106500
549705010552
549704905872
549704787266
549704653410
549704513174
549704387344
549704298032
549704262736
549704281154
549704334880
549704401070
549704464710
549704523818
549704583368
549704656972
549704758392
549704881486
549705009910
549705128248
549705227202
549705304734
549705361906
549705404442
549705431210
549705431700
549705390996
549705297758
549705155878
549704986794
549704825158
549704711964
549704673028
549704709778
549704801000
549704909314
549704999712
549705048740
549705042698
549704984112
549704882780
549704743382
549704575242
549704394522
549704219762
549704071396
549703973178
549703947598
549704003132
549704120482
549704267992
549704416554
549704545260
549704648602
549704736250
549704822854
549704918978
549705023186
549705123716
549705204352
549705256604
549705284178
549705302744
549705339198
549705406194
549705494134
549705584614
549705654618
549705678708
549705640194
549705542636
549705405798
549705252508
549705099322
549704956998
549704833546
549704744414
549704701502
549704714092
549704781032
549704882168
549704986612
549705056794
549705058542
549704982136
549704842648
549704674934
549704526674
549704429058
549704392400
549704409054
549704452190
549704488846
549704497018
549704474688
549704432160
549704375516
549704311218
549704249194
549704191108
549704142804
549704112440
549704110838
549704147692
549704222632
549704322050
549704422938
549704504938
549704564488
549704617002
549704682524
549704783600
549704929274
549705106286
549705287248
549705436076
549705520148
549705525966
549705461632
549705348342
549705212214
549705073960
549704950402
549704853932
549704795368
549704784760
549704831760
549704939808
549705093860
549705261594
549705398804
549705463554
549705432076
549705304614
549705109324
549704885778
549704670424
549704492084
549704360348
549704274090
549704225546
549704205172
549704212936
549704247336
549704296758
549704350350
549704398786
549704433874
549704467444
549704521632
549704626376
549704803408
549705052620
549705344168
549705627028
549705842004
549705940310
549705898184
549705722030
549705449760
549705131244
549704815614
549704547786
549704359170
549704271556
549704294046
549704416206
549704612234
549704838234
549705034380
549705144842
549705129348
549704977568
549704718888
549704408104
549704108046
549703869348
549703720734
549703663876
549703678018
549703737234
549703821004
549703920546
549704034730
549704169102
549704324570
549704492924
549704664304
549704825940
549704967354
549705084864
549705172166
549705218380
549705213748
549705148294
549705019766
549704850940
549704680282
549704553102
549704506840
549704556796
549704685590
549704851450
549705001854
549705094352
549705104204
549705037130
549704922182
549704795490
549704692538
549704636892
549704638534
549704699094
549704813566
549704968872
549705145348
549705313072
549705431754
549705462596
549705382414
549705193956
549704928384
549704633328
549704362922
549704161736
549704047060
549704009780
549704026998
549704073818
549704133364
549704199540
549704276188
549704365556
549704464018
549704559842
549704641944
549704703030
549704742778
549704769908
549704797300
549704829784
549704863290
549704890516
549704911468
549704933844
549704972774
549705053440
549705195788
549705398922
549705637254
549705866550
549706041512
549706128106
549706112260
549706008360
549705851090
549705676954
549705514328
549705380060
549705279324
549705208986
549705162540
549705132708
549705113780
549705095386
549705059752
549704993330
549704891792
549704766594
549704646080
549704563656
549704547752
549704607422
549704720614
549704843898
549704930172
549704942744
549704865574
549704708266
549704502880
549704288440
549704099798
549703957894
549703873882
549703855870
549703906250
549704021108
549704190926
549704392580
549704592378
549704752678
549704841402
549704841480
549704764952
549704642896
549704509852
549704395810
549704316932
549704272892
549704256162
549704259628
549704281952
549704330510
549704417464
549704542834
549704688266
549704829746
549704944040
549705014026
549705035404
549705018884
549704988246
549704959182
549704937504
549704921336
549704903128
549704879026
549704853960
549704836124
549704830092
549704833792
549704831924
549704804396
549704736408
549704625104
549704482814
549704340568
549704235756
549704196080
549704228808
549704322004
549704449908
549704586376
549704707380
549704797418
549704849754
549704855714
549704808868
549704704020
549704544214
549704347020
549704148310
549703990256
549703908950
549703921806
549704020330
549704172834
549704335894
549704471540
549704554980
549704584776
549704576678
549704546192
549704508666
549704476186
549704455382
549704449264
549704463458
549704506140
549704581032
549704673638
549704762012
549704821388
549704833272
549704797198
549704736456
549704687128
549704685462
549704757040
549704897716
549705078776
549705258344
549705391074
549705445672
549705410554
549705295878
549705117952
549704895570
549704652608
549704415656
549704216114
549704084970
549704047446
549704113224
549704268580
549704478152
549704687756
549704846370
549704924160
549704915300
549704837074
549704717918
549704589158
549704474442
549704379284
549704296286
549704218932
549704147958
549704090090
549704050268
549704027184
549704015204
549703999978
549703969406
549703919382
549703859792
549703814728
549703809108
549703855118
549703953550
549704093292
549704257882
549704433570
549704617704
549704812824
549705019308
549705230746
549705421164
549705556970
549705610076
549705561752
549705417306
549705201414
549704953252
549704706586
549704486298
549704309282
549704180728
549704102156
549704078174
549704116552
549704217732
549704371472
549704553270
549704727692
549704862178
549704937994
549704950710
549704915230
549704855826
549704795212
549704745104
549704704078
549704667198
549704635062
549704613950
549704614894
549704648098
549704715148
549704802604
549704882548
549704927078
549704922330
549704870370
549704789478
549704705248
549704637014
549704598220
549704592022
549704612668
549704653810
549704719966
549704815866
549704942680
549705093522
549705242042
549705354380
549705400904
549705362768
549705245182
549705074416
549704889712
549704725490
549704604670
549704537996
549704522582
549704551706
549704620048
549704722818
549704849398
549704980262
549705087532
549705140920
549705118448
549705015136
549704846660
549704651204
549704471444
549704337320
549704259908
549704231816
549704234878
549704251304
549704270100
549704291254
549704320012
549704359612
549704405648
549704445276
549704469934
549704477038
549704470460
549704464480
549704477722
549704515756
549704572648
549704632956
549704675800
549704691306
549704687148
549704679182
549704684860
549704714970
549704764176
549704815688
549704847794
549704843270
549704798124
549704720420
549704626176
549704528674
549704435780
549704348814
549704267736
549704201976
549704169216
549704191316
549704287170
549704455536
549704677094
549704915578
549705127786
549705277880
549705351116
549705353138
549705299768
549705210952
549705102802
549704984032
549704857766
549704728440
549704606324
549704504618
549704431222
549704383754
549704349328
549704307722
549704245090
549704154722
549704046842
549703946016
549703878882
549703857040
549703873256
549703910906
549703945580
549703962260
549703959908
549703951508
549703959642
549704005580
549704093356
549704210318
549704335492
549704449554
549704539742
549704601958
549704637226
549704646848
549704631446
549704589098
549704520888
549704439488
549704367800
549704332284
549704353404
549704431234
549704547698
549704668150
549704755614
549704784684
549704750144
549704669788
549704571466
549704482210
549704414938
549704371416
549704344420
549704325326
549704309946
549704297692
549704289340
549704283780
549704272004
549704236708
549704168070
549704070068
549703959964
549703865384
549703814054
549703819556
549703879210
549703975528
549704080026
549704171694
549704246598
549704314550
549704389926
549704480082
549704581960
549704682014
549704763770
549704815202
549704829556
549704810054
549704766832
549704708852
549704637666
549704551424
549704451570
549704350066
549704267892
549704232194
549704265996
549704374170
549704538962
549704724488
549704891990
549705009886
549705063040
549705061326
549705025438
549704975708
549704926138
549704882636
549704841878
549704802022
549704766076
549704742002
549704738410
549704755546
549704778292
549704787424
549704766702
549704710730
549704626472
549704535446
549704461038
549704415070
549704396576
549704391558
549704382656
549704357602
549704316688
549704272838
549704241800
549704232548
549704244708
549704264070
549704273860
549704265766
549704240774
549704211508
549704198902
549704215342
549704255984
549704309956
549704363966
549704412398
549704458000
549704513048
549704587472
549704684164
549704792120
549704887958
549704947232
549704953094
549704906548
549704827448
549704738130
549704655630
549704591616
549704544988
549704508592
549704477558
549704453284
549704443958
549704459900
549704500616
549704551072
549704591864
549704606826
549704586638
549704535556
549704471968
549704420978
549704399290
549704405464
549704427124
549704448534
549704459856
549704465272
549704475316
549704501762
549704553524
549704627766
549704709834
549704779690
549704822680
549704836662
549704832724
549704826014
549704822082
549704818208
549704808094
549704782324
549704737524
549704678732
549704624780
549704595136
549704597622
549704622438
549704652942
549704667272
549704650948
549704605892
549704545018
549704488498
549704453140
549704445690
549704458818
549704480878
549704499914
549704518424
549704544834
549704586140
549704641724
549704699764
549704742848
549704756274
549704728852
549704669084
549704600414
549704546306
549704518928
549704514998
549704520212
549704515816
549704486728
549704430986
549704360338
549704294348
549704247508
549704219524
549704203476
549704187094
549704164846
549704140762
549704125980
549704129816
549704156530
549704200130
549704246430
549704279988
549704295442
549704298134
549704307056
549704339698
549704403402
549704490618
549704582528
549704650694
549704680930
549704672184
549704633984
549704587272
549704546138
549704516828
549704494338
549704472448
549704448706
549704430364
549704424694
549704439196
549704475332
549704521616
549704560158
549704577762
549704568522
549704543062
549704524922
549704537324
549704596476
549704694448
549704807500
549704908026
549704970098
549704980540
549704945250
549704878600
549704798020
549704716788
549704643202
549704581188
549704541820
549704537664
549704582888
549704685106
549704837332
549705011940
549705170062
549705273960
549705300108
549705245214
549705125324
549704967050
549704798504
549704634108
549704481746
549704345234
549704231040
549704152262
549704128240
549704177230
549704303452
549704496308
549704728574
549704971546
549705198746
549705394538
549705558292
549705694146
549705800770
549705870258
549705888226
549705841226
549705725606
549705553804
549705352048
549705149476
549704966818
549704807984
549704669780
549704543136
549704423106
549704313642
549704227508
549704176854
549704166824
549704187550
549704220704
549704248560
549704262100
549704265462
549704275294
549704307906
549704373832
549704468774
549704573826
549704668340
549704735076
549704767912
549704775190
549704775134
549704780152
549704790588
549704803962
549704812448
549704812392
549704810520
549704816608
549704841598
549704884520
549704928610
549704948188
549704923044
549704840860
549704709318
549704554680
549704407040
549704291076
549704217186
549704180578
549704168980
549704174910
549704198198
549704244320
549704320846
549704428046
549704556314
549704688308
549704802640
549704886940
549704936420
549704957654
549704958692
549704941696
549704897948
549704817248
549704692160
549704524700
549704338910
549704170656
549704058146
549704030592
549704089536
549704217350
549704388614
549704572254
549704742142
549704884492
549704991630
549705056960
549705073262
549705033820
549704939728
549704806366
549704662206
549704544294
549704488052
549704511504
549704608746
549704757464
549704924458
549705078176
549705199326
549705283032
549705331490
549705343968
549705315314
549705238764
549705105268
549704920308
549704704560
549704486744
549704301828
549704175450
549704115358
549704114008
549704155148
549704225322
549704320006
549704441276
549704586356
549704749218
549704911190
549705049846
549705145070
549705187060
549705183606
549705157916
549705136314
549705134438
549705153524
549705183884
549705208824
549705215646
549705204120
549705186318
549705176614
549705185098
549705210418
549705239786
549705260784
549705266434
549705256494
549705239226
549705226598
549705222658
549705219402
549705204462
549705161520
549705086206
549704987630
549704884780
549704801850
549704751462
549704733298
549704737194
549704746894
549704752214
549704756566
549704775542
549704823368
549704909308
549705028432
549705160378
549705283200
549705379462
549705443164
549705477116
549705491004
549705494430
549705484640
549705451802
549705387438
549705290248
549705173386
549705060376
549704970370
549704913152
549704884158
549704868190
549704845598
549704808392
549704760624
549704719086
549704703942
549704730136
549704799188
549704898442
549705011066
549705124512
549705228958
549705326790
549705425066
549705518242
549705594024
549705631232
549705611716
549705532090
549705400336
549705239138
549705079586
549704946582
549704850874
549704789256
549704753842
549704740348
549704750320
549704787214
549704850394
549704936074
549705025340
549705091100
549705113616
549705084684
549705017278
549704939508
549704884846
549704875312
549704916172
549704994556
549705088454
549705173168
549705232688
549705262316
549705266032
549705248314
549705206738
549705140238
549705047706
549704938784
549704830330
549704742326
549704695942
549704696502
549704732498
549704781268
549704818928
549704833576
549704826380
549704814348
549704816744
549704840300
549704880188
549704918010
549704930510
549704902668
549704832168
549704735116
549704634570
549704550732
549704490940
549704455016
549704440020
549704439324
549704450256
549704477510
549704527766
549704598434
549704676372
549704740964
549704779674
549704789940
549704784800
549704786434
549704816598
549704881668
549704972412
549705064750
549705127896
549705139842
549705096550
549705009044
549704898708
549704784638
549704678326
549704584766
549704502784
549704433522
549704385960
549704371222
549704401278
549704471132
549704563600
549704653278
549704712696
549704726108
549704692460
549704626320
549704546194
549704465832
549704390680
549704315838
549704235026
549704154098
549704083852
549704045084
549704061308
549704142392
549704280714
549704455900
549704640174
549704810208
549704954962
549705072714
549705168504
549705243450
549705289232
549705296210
549705258102
549705174552
549705064020
549704957662
549704884726
549704868302
549704913108
549705003324
549705113794
549705221186
549705308282
549705366250
549705391168
549705375030
549705308716
549705184920
549705005822
549704787894
549704569472
549704398616
549704315560
549704345098
549704484544
549704700788
549704946260
549705177018
549705357356
549705470230
549705513668
549705497892
549705437134
549705341488
549705232500
549705139520
549705088946
549705105048
549705194348
549705337206
549705495032
549705615598
549705650768
549705575144
549705393944
549705145876
549704887582
549704674924
549704550350
549704534082
549704623912
549704798384
549705028034
549705277952
549705508286
549705682918
549705764130
549705724790
549705567858
549705321700
549705033130
549704769060
549704586862
549704522348
549704580532
549704729718
549704921156
549705110148
549705261600
549705359078
549705403842
549705405842
549705375174
549705316564
549705243616
549705170752
549705109884
549705080720
549705097212
549705152152
549705222488
549705276822
549705294016
549705262462
549705182892
549705077550
549704980070
549704916512
549704893068
549704900146
549704928524
549704967980
549705015038
549705073850
549705146738
549705228650
549705306074
549705354612
549705355338
549705299322
549705193208
549705059314
549704925808
549704813402
549704733320
549704683348
549704654842
549704636830
549704622554
549704613612
549704608286
549704601488
549704579062
549704522960
549704426900
549704302624
549704169824
549704063912
549704027280
549704072590
549704193926
549704363284
549704543846
549704699522
549704805484
549704861180
549704884880
549704892910
549704901708
549704923972
549704964492
549705024832
549705102124
549705193086
549705292114
549705373646
549705401580
549705352814
549705218378
549705010392
549704772636
549704563360
549704436126
549704428232
549704541450
549704745904
549704991914
549705225616
549705404628
549705511150
549705544374
549705512872
549705438080
549705341936
549705246158
549705174854
549705147818
549705177334
549705266692
549705394354
549705518168
549705599492
549705610418
549705544398
549705415326
549705258250
549705122028
549705038890
549705020970
549705057264
549705125880
549705203712
549705275258
549705333042
549705374602
549705393480
549705383750
549705338672
549705250606
549705123238
549704971746
549704826036
549704719230
549704665958
549704670426
549704729294
549704825370
549704942430
549705069320
549705196456
549705324734
549705446094
549705534788
549705568334
549705534640
549705440240
549705310148
549705176296
549705073764
549705030612
549705048930
549705108420
549705178826
549705233914
549705261814
549705263068
549705244302
549705212196
549705176408
549705141950
549705105580
549705068618
549705039068
549705033832
549705063902
549705120400
549705177988
549705213330
549705206148
549705147204
549705044410
549704921922
549704818136
549704761092
549704757630
549704797822
549704865226
549704949386
549705040844
549705134092
549705229530
549705321892
549705395210
549705431500
549705418502
549705359698
549705276926
549705200280
549705164824
549705187290
549705266628
549705389352
549705529258
549705654644
549705744252
549705788458
549705790524
549705750280
549705663100
549705533766
549705374496
549705206658
549705062598
549704975116
549704971074
549705056354
549705207052
549705378118
549705522300
549705602848
549705602156
549705528580
549705403898
549705257514
549705113738
549704990738
549704893004
549704825972
549704795948
549704807612
549704861202
549704944060
549705035302
549705108664
549705148742
549705156886
549705147250
549705146062
549705186418
549705281244
549705415672
549705568348
549705707812
549705802574
549705837182
549705815690
549705757210
549705679172
549705590720
549705496256
549705397194
549705296110
549705205724
549705136570
549705094378
549705078128
549705072614
549705054356
549705007596
549704928512
549704831944
549704743366
549704691620
549704692562
549704739296
549704813312
549704886158
549704931312
549704935596
549704900758
549704835834
549704749900
549704646630
549704533188
549704417666
549704313306
549704245486
549704243804
549704329118
549704508146
549704761504
549705049330
549705324404
549705540864
549705670494
549705700044
549705635144
549705486710
549705267024
549705001784
549704724006
549704471538
549704293912
549704238916
549704333310
549704567350
549704903274
549705279328
549705621530
549705865862
549705977754
549705954528
549705819438
549705613190
549705379958
549705155516
549704971276
549704852366
549704810724
549704845924
549704948880
549705087064
549705212918
549705284868
549705270792
549705164064
549704981634
549704766156
549704566266
549704415826
549704327366
549704294656
549704296334
549704308878
549704326324
549704352968
549704394572
549704461840
549704549334
549704648472
549704739674
549704809254
549704855032
549704871348
549704860688
549704824522
549704762178
549704674784
549704572110
549704477576
549704423514
549704439068
549704550608
549704753984
549705013690
549705279156
549705489344
549705595620
549705572808
549705430208
549705198030
549704914824
549704624106
549704355698
549704136622
549703991878
549703934404
549703965940
549704080822
549704254340
549704445774
549704603416
549704686116
549704679590
549704594868
549704472594
549704357632
549704291038
549704295614
549704374970
549704514710
549704690102
549704882090
549705064040
549705207888
549705289202
549705280626
549705168738
549704953860
549704665028
549704355752
549704085832
549703918802
549703895110
549704018872
549704260786
549704569112
549704888822
549705168150
549705368098
549705476738
549705481958
549705381332
549705193742
549704947952
549704684110
549704445964
549704284736
549704230084
549704282920
549704421238
549704596010
549704750976
549704839724
549704841802
549704759356
549704609850
549704420508
549704212432
549703999794
549703803764
549703642528
549703530922
549703483386
549703506314
549703598724
549703738780
549703892462
549704026464
549704121280
549704179320
549704211906
549704242116
549704290490
549704362414
549704454064
549704557124
549704667378
549704790922
549704938128
549705115672
549705312708
549705502604
549705653248
549705728800
549705705066
549705576918
549705360116
549705087110
549704783760
549704469204
549704158158
549703864998
549703601906
549703384312
549703234938
549703168490
549703187902
549703281880
549703422702
549703583858
549703748868
549703909064
549704062058
549704203546
549704332188
549704436770
549704494466
549704492556
549704434898
549704347514
549704268716
549704237286
549704279174
549704396020
549704564516
549704747148
549704905576
549705009652
549705041388
549705000994
549704894200
549704728756
549704520910
549704293978
549704080130
549703914790
549703830974
549703853934
549703979780
549704180728
549704415278
549704636388
549704812028
549704928200
549704995276
549705031310
549705050498
549705066162
549705081798
549705094068
549705107284
549705130594
549705175878
549705254416
549705360060
549705467164
549705536518
549705529602
549705420634
549705201320
549704888070
549704515596
549704126248
549703759060
549703449214
549703228458
549703123468
549703153512
549703322148
549703619688
549704008740
549704429232
549704814162
549705103960
549705269690
549705313202
549705259418
549705156146
549705048912
549704969798
549704935424
549704942412
549704979070
549705034932
549705100646
549705167144
549705212212
549705212176
549705148244
549705004274
549704780596
549704497270
549704193090
549703908790
549703674546
549703508712
549703413566
549703387286
549703429152
549703537500
549703714386
549703958012
549704252366
549704563932
549704851240
549705078100
549705227158
549705300146
549705315784
549705305426
549705298610
549705306432
549705325548
549705339856
549705331778
549705289468
549705209710
549705097752
549704956302
549704789090
549704608570
549704426404
549704266612
549704162488
549704142616
549704224676
549704398094
549704625466
549704857072
549705039754
549705140654
549705156008
549705105904
549705032838
549704979264
549704971856
549705023076
549705125172
549705259306
549705406798
549705542198
549705641512
549705681706
549705645602
549705526044
549705330362
549705086082
549704839570
549704640642
549704528426
549704517744
549704587938
549704697952
549704798694
549704851622
549704837972
549704763490
549704656336
549704550132
549704467118
549704425034
549704434846
549704498232
549704613824
549704776706
549704978718
549705199770
549705407260
549705574260
549705677366
549705709890
549705689566
549705641080
549705593116
549705564190
549705553038
549705545600
549705521824
549705469336
549705392434
549705302822
549705220586
549705160414
549705122924
549705102222
549705084410
549705057502
549705024152
549704991196
549704970362
549704966472
549704973756
549704979296
549704972966
549704953648
549704929130
549704911568
549704916030
549704948078
549704995444
549705039954
549705061138
549705048992
549705007122
549704952864
549704909158
549704892060
549704900036
549704922186
549704942326
549704946874
549704932408
549704903840
549704872482
549704841232
549704803672
549704754136
549704686568
549704605954
549704533764
549704498580
549704529348
549704638526
549704818000
549705040312
549705270944
549705477066
549705637744
549705742272
549705791470
549705785244
549705721156
549705601752
549705435152
549705242254
549705057668
549704915052
549704843014
549704849690
549704920090
549705023934
549705119710
549705172804
549705168796
549705111054
549705015080
549704899660
549704777346
549704657542
549704545848
549704450080
549704383318
549704360096
549704388042
549704462148
549704559710
549704653048
549704717642
549704743044
549704732342
549704705682
549704691624
549704707690
549704757830
549704836940
549704930686
549705027186
549705122020
549705217958
549705315906
549705408140
549705479080
549705507506
549705474268
549705372644
549705216870
549705035682
549704865500
549704734796
549704656982
549704632550
549704649228
549704693234
549704754256
549704825434
549704903554
549704973574
549705014688
549705007336
549704938150
549704817982
549704674156
549704545556
549704472598
549704479534
549704568276
549704720170
549704903330
549705086068
549705246462
549705373642
549705464200
549705514868
549705524580
549705489862
549705410278
549705300096
549705179038
549705074658
549705012604
549705000414
549705025562
549705064720
549705088674
549705079400
549705035566
549704967564
549704895080
549704835256
549704794580
549704772914
549704765606
549704776188
549704813802
549704888578
549705009480
549705173256
549705358408
549705531224
549705656244
549705707266
549705676856
549705575970
549705423176
549705237946
549705036736
549704830706
549704629686
549704450606
549704313918
549704242368
549704257068
549704357800
549704524800
549704724720
549704919746
549705082154
549705202390
549705285584
549705342384
549705386114
549705423136
549705450314
549705466994
549705479696
549705499666
549705544516
549705625482
549705740218
549705870398
549705988322
549706064560
549706078880
549706028828
549705927446
549705801210
549705670954
549705547512
549705432120
549705324710
549705228256
549705151074
549705103650
549705096252
549705127378
549705178070
549705221108
549705232478
549705197036
549705120892
549705024084
549704933004
549704876938
549704868674
549704907310
549704989224
549705109828
549705262856
549705443060
549705642690
549705837014
549705991548
549706074858
549706064854
549705958480
549705777900
549705564706
549705364758
549705215042
549705127184
549705091076
549705084234
549705079876
549705061032
549705022534
549704968900
549704911480
549704858836
549704814262
549704783772
549704775774
549704803942
549704874568
549704985800
549705120406
549705249074
549705337848
549705366778
549705334524
549705261574
549705185232
549705149432
549705175854
549705262200
549705385748
549705508968
549705596248
549705628452
549705602236
549705531822
549705440472
549705346416
549705265258
549705212454
549705196024
549705221010
549705289662
549705392414
549705506296
549705599418
549705640414
549705611574
549705516898
549705389158
549705275084
549705220160
549705254316
549705375444
549705552508
549705740634
549705892438
549705973930
549705973504
549705896812
549705758940
549705582680
549705391924
549705213840
549705074860
549704998748
549704999664
549705081388
549705224550
549705386056
549705516634
549705580760
549705562168
549705468904
549705336476
549705209674
549705124598
549705101256
549705140130
549705229430
549705351410
549705492674
549705646368
549705805974
549705963658
549706103782
549706207890
549706262248
549706259934
549706208446
549706129468
549706042050
549705959750
549705886166
549705815506
549705745110
549705676618
549705620512
549705595100
549705614050
549705676316
549705762600
549705842398
549705889850
549705887736
549705836798
549705760424
549705686618
549705642140
549705640068
549705677628
549705740904
549705814766
549705889924
549705961282
549706021610
549706059920
549706060664
549706010692
549705902740
549705741068
549705549180
549705364026
549705217610
549705130952
549705105050
549705125384
549705172444
549705226856
549705278276
549705326442
549705374456
549705419608
549705449694
549705449330
549705410168
549705337196
549705253274
549705194128
549705191574
549705269480
549705429856
549705649668
549705895006
549706129206
549706321474
549706456218
549706521230
549706511480
549706426470
549706269784
549706059788
549705823206
549705596982
549705422566
549705327092
549705315620
549705366824
549705443914
549705506726
549705529052
549705504392
549705446450
549705381000
549705335826
549705324988
549705345382
549705387084
549705438504
549705492230
549705543110
549705588346
549705625466
549705644478
549705634072
549705593206
549705529508
549705461144
549705413928
549705410774
549705454060
549705527902
549705605574
549705663644
549705684188
549705665460
549705623586
549705582438
549705557510
549705547398
549705539466
549705517366
549705469308
549705395274
549705306220
549705220046
549705154044
549705116988
549705110902
549705133362
549705183856
549705265810
549705382696
549705531212
549705694482
549705843866
549705946162
549705979102
549705935556
549705826798
549705686184
549705551876
549705453708
549705401010
549705385522
549705394532
549705410090
549705425512
549705442092
549705465082
549705498298
549705535116
549705565422
549705582816
549705585584
549705584152
549705595010
549705632116
549705698142
549705779112
549705853086
549705901648
549705909616
549705879450
549705830422
549705782394
549705746940
549705724276
549705705626
549705679860
549705641258
549705592376
549705542888
549705508912
549705496304
549705497600
549705496914
549705477802
549705433072
549705364820
549705286198
549705214960
549705163888
549705133394
549705116672
549705108742
549705108786
549705125572
549705175562
549705265398
549705390004
549705526636
549705646056
549705720174
549705731436
549705685670
549705605734
549705520580
549705458066
549705429894
549705434146
549705459534
549705491108
549705519658
549705538976
549705545834
549705536590
549705501914
549705436318
549705343082
549705233950
549705133820
549705070140
549705060028
549705103350
549705177432
549705245284
549705271984
549705235812
549705139622
549705008440
549704880458
549704788248
549704752468
549704778628
549704858500
549704974504
549705110114
549705252720
549705388554
549705499920
549705567260
549705577718
549705527440
549705427024
549705303164
549705188856
549705110816
549705080990
549705086668
549705101050
549705095310
549705052442
549704972084
549704868838
549704765738
549704685050
549704635616
549704613472
549704608086
549704611806
549704624230
549704646832
549704684948
549704738522
549704795664
549704843074
549704868722
549704869414
549704855116
549704840132
549704839112
549704855396
549704877406
549704886342
549704866688
549704814600
549704743132
549704676174
549704641858
549704659316
549704727310
549704828458
549704938486
549705036450
549705111192
549705158478
549705180964
549705184426
549705170206
549705138074
549705089346
549705037846
549705004336
549705006576
549705056904
549705152230
549705269520
549705377868
549705447142
549705460214
549705420844
549705351186
549705282970
549705237720
549705223554
549705234422
549705256214
549705276506
549705286910
549705285098
549705276194
549705260148
549705230090
549705177818
549705096648
549704993896
549704885780
549704794072
549704738108
549704723978
549704743046
549704777050
549704805910
549704818178
549704817836
549704817752
549704835444
549704879810
549704940976
549705001492
549705041102
549705045828
549705013230
549704954116
549704888172
549704826764
549704771086
549704719734
549704670704
549704629704
549704608608
549704621988
549704684152
549704794486
549704934280
549705074704
549705184334
549705247216
549705260904
549705236790
549705194870
549705150756
549705112088
549705080150
549705051808
549705027944
549705018598
549705034964
549705084832
549705161006
549705245144
549705311240
549705335030
549705305594
549705228194
549705125400
549705024938
549704946670
549704897446
549704873166
549704861648
549704855016
549704851978
549704855494
549704870500
549704895046
549704918100
549704926942
549704908532
549704862120
549704799694
549704742164
549704710114
549704710448
549704736886
549704772732
549704797066
549704797890
549704777444
549704751462
549704738060
549704746070
549704774242
549704810330
549704839384
549704853662
549704853182
549704849588
549704857634
549704881994
549704915140
549704945628
549704959642
549704950672
549704925412
549704895428
549704875788
549704871048
549704875748
549704874800
549704852958
549704804058
549704737586
549704668956
549704614370
549704581840
549704568714
549704561734
549704544756
549704511962
549704467786
549704427492
549704406478
549704409814
549704431094
549704454584
549704462020
549704445320
549704406356
549704357290
549704314012
549704285712
549704269870
549704258402
549704238296
549704205852
549704169252
549704145060
549704146114
549704177766
549704235370
549704300950
549704356260
549704391854
549704411980
549704432000
549704466952
549704523266
549704596780
549704672868
549704732408
549704762072
549704762122
549704741474
549704713718
549704683782
549704651040
549704609724
549704553396
549704485374
549704421644
549704378712
549704372732
549704405174
549704461178
549704516222
549704546420
549704539092
549704499874
549704446916
549704404036
549704387428
549704400778
549704434976
549704475278
549704511454
549704541936
549704573260
549704614530
549704671446
549704740086
549704810952
549704874190
549704928438
549704979518
549705037924
549705111496
549705199316
549705288786
549705357504
549705386186
549705366834
549705310516
549705237406
549705165910
549705107858
549705063100
549705019592
549704962958
549704887536
549704803134
549704728978
549704686188
549704686444
549704729522
549704800956
549704879958
549704951868
549705008944
549705052112
549705091526
549705129306
549705161738
549705182066
549705184416
549705171138
549705154430
549705147556
549705160990
549705192164
549705222982
549705229710
549705189222
549705094174
549704957328
549704806232
549704672498
549704578182
549704529294
549704515916
549704520968
549704527380
549704528144
549704526282
549704527690
549704535912
549704549402
549704562860
549704572102
549704579374
549704595650
549704632536
549704694896
549704777542
549704862318
549704922006
549704935256
549704894180
549704811458
549704712984
549704626128
549704571022
549704551478
549704555114
549704564720
549704565402
549704553736
549704538794
549704533614
549704544178
549704571676
549704608346
549704644878
549704676966
549704706046
549704740470
549704789822
549704851706
549704912868
549704957416
549704972626
549704957014
549704922414
549704889392
549704877330
549704891632
549704923666
549704951854
549704951144
549704908212
549704826458
549704720520
549704611622
549704518398
549704449510
549704402018
549704366932
549704340182
549704323772
549704322836
549704341526
549704379540
549704426350
549704465674
549704488464
549704495426
549704502426
549704532144
549704602220
549704716244
549704858040
549704999168
549705108586
549705162604
549705156742
549705101946
549705017224
549704919490
549704819074
549704717724
549704614266
549704511482
549704416884
549704343050
549704300138
549704288630
549704300130
549704321302
549704339690
549704353768
549704374150
549704418680
549704502684
549704627800
549704780512
549704936508
549705069040
549705161042
549705212418
549705235128
549705249482
549705266682
549705287826
549705304388
549705301882
549705274516
549705224448
549705161638
549705100880
549705049848
549705006778
549704962458
549704910990
549704851492
549704792182
549704747320
549704728360
549704736498
549704759558
549704779924
549704778166
549704746596
549704693284
549704635104
549704590850
549704569712
549704566420
549704566200
549704550692
549704511642
549704453866
549704395120
549704355610
549704348414
549704374282
549704422076
549704475232
549704522466
549704559084
549704588388
549704617480
549704647398
549704673928
549704688366
549704686348
549704675038
549704671828
549704696382
549704763848
549704869524
549704995160
549705111704
549705187238
549705208294
549705181000
549705126788
549705076714
549705053944
549705069920
549705120884
549705191930
549705267096
549705333526
549705384146
549705414750
549705418592
549705387340
549705314418
549705198882
549705055792
549704912658
549704799146
549704739512
549704739754
549704783944
549704843664
549704888380
549704898402
549704870830
549704820584
549704771172
549704741474
549704739748
549704760560
549704792612
549704827056
549704861660
549704897808
549704940470
549704990476
549705041772
549705082742
549705108834
549705122128
549705132824
549705156820
549705205322
549705275242
549705350716
549705406546
549705418754
549705379992
549705302840
549705210270
549705132966
549705090708
549705083824
549705096762
549705106890
549705098852
549705062742
549705003510
549704935564
549704871960
549704819642
549704780354
549704755682
549704750912
549704775298
549704836238
549704935260
549705061754
549705191714
549705297998
549705359336
549705370864
549705344450
549705306106
549705282360
549705284972
549705307568
549705332784
549705337194
549705305356
549705238098
549705150442
549705067872
549705012232
549704990514
549704998540
549705026222
549705058452
549705088390
549705113078
549705128052
549705128148
549705107454
549705059684
549704987522
549704907756
549704848990
549704839598
549704900282
549705030332
549705204066
549705381602
549705521532
549705593688
549705588512
549705520780
549705418618
549705307430
549705205702
549705121468
549705056674
549705010930
549704986126
549704986240
549705011692
549705055532
549705099342
549705123442
549705110414
549705058764
549704979730
549704899364
549704844062
549704830880
549704860664
549704923664
549705003990
549705089584
549705176848
549705267598
549705363068
549705456924
549705531570
549705566512
549705547272
549705473800
549705364980
549705253028
549705171456
549705144840
549705178108
549705254546
549705348826
549705438818
549705505798
549705542992
549705552436
549705536104
549705494118
549705425310
549705336434
549705242196
549705163848
549705124536
549705139008
549705203362
549705296758
549705386808
549705444492
549705452808
549705415060
549705349764
549705282106
549705229252
549705194526
549705169944
549705138954
549705092818
549705030312
549704963400
549704906786
549704871916
549704860534
549704866934
549704883656
549704904166
549704929924
549704965380
549705011442
549705061180
549705097688
549705104610
549705072546
549705005520
549704923274
549704857500
549704837186
549704875238
549704962174
549705070268
549705166550
549705225632
549705232008
549705191174
549705119856
549705035472
549704951464
549704877038
549704818704
549704784044
549704782310
549704823652
549704909556
549705026848
549705148570
549705242852
549705283218
549705259294
549705185194
549705087920
549705001432
549704950102
549704941548
549704967016
549705010172
549705056312
549705098004
549705136140
549705172046
549705204784
549705227376
549705230180
549705207096
549705161318
549705108076
549705069066
549705062696
549705095444
549705156642
549705225562
549705277886
549705300352
549705294394
549705272182
549705250960
549705239540
549705236478
549705232998
549705218970
549705188734
549705146810
549705109034
549705092810
549705106234
549705143506
549705191614
549705234320
549705262644
549705274676
549705276510
549705277254
549705276012
549705264480
549705228202
549705159254
549705061688
549704954830
549704866784
549704826904
549704850616
549704933396
549705055776
549705192214
549705319424
549705425440
549705508844
549705575238
549705629798
549705669406
549705686786
549705675698
549705639566
549705592224
549705552784
549705536156
549705547088
549705574582
549705600174
549705604398
549705578936
549705526944
549705463646
549705409780
549705374692
549705356590
549705343372
549705322844
549705290052
549705252024
549705225432
549705227588
549705266580
549705335906
549705419428
549705497552
549705554612
549705585258
549705595012
549705593088
549705581684
549705558586
549705516278
549705453252
549705374512
549705296158
549705242128
549705231338
549705266962
549705336198
549705412418
549705467770
549705483470
549705457548
549705401742
549705335804
549705275254
549705226302
549705185972
549705147432
549705110096
549705081016
549705071964
549705093934
549705149598
549705227612
549705308812
549705373018
549705408356
549705414732
549705402060
549705384206
549705366742
549705346460
549705316090
549705270682
549705212224
549705155922
549705123538
549705133162
549705187828
549705273350
549705360988
549705423120
549705441650
549705414632
549705357802
549705294606
549705246892
549705224366
549705226790
549705249086
549705286954
549705338062
549705402722
549705479806
549705558408
549705619952
549705644704
549705619182
549705545364
549705441694
549705337856
549705264350
549705238008
549705257238
549705303866
549705356608
549705397878
549705416288
549705413672
549705398714
549705375772
549705342204
549705291998
549705222160
549705138024
549705056914
549705000466
549704989992
549705032856
549705119844
549705228274
549705333824
549705418966
549705479094
549705518412
549705547008
549705569450
549705583242
549705576560
549705542600
549705481724
549705406234
549705337744
549705297568
549705296644
549705326486
549705369826
549705406574
549705422726
549705413350
549705386708
549705357216
549705332072
549705311224
549705288044
549705256470
549705218272
549705184416
549705169820
549705187030
549705235206
549705301054
549705362394
549705398366
549705396910
549705364006
549705320412
549705287342
549705275582
549705285722
549705305850
549705320240
549705317148
549705295966
549705264470
549705233722
549705209052
549705187024
549705157016
549705111852
549705049474
549704978244
549704912610
549704866036
549704842498
549704832974
549704820358
549704790032
549704739096
549704678676
549704629368
549704613476
549704643948
549704715260
549704812020
549704913598
549705000928
549705068134
549705121272
549705168624
549705213512
549705252094
549705274630
549705274996
549705252590
549705217800
549705186646
549705172670
549705178268
549705194236
549705201870
549705184750
549705136984
549705069846
549705004432
549704962428
549704956962
549704987210
549705037342
549705089234
549705128366
549705151424
549705166546
549705184070
549705210646
549705244054
549705275674
549705297040
549705302800
549705297730
549705291654
549705290714
549705292754
549705286592
549705255692
549705187610
549705086842
549704971796
549704871472
549704811510
549704804280
549704841362
549704899778
549704950018
549704967962
549704947012
549704894300
549704824504
549704755804
549704699388
549704659056
549704636186
549704632646
549704652896
549704702258
549704778580
549704871122
549704958134
549705014244
549705023584
549704986280
549704920914
549704854756
549704814952
549704815170
549704850942
549704902840
549704946808
549704965310
549704955402
549704929808
549704905506
549704894160
549704898776
549704911378
549704918508
549704909454
549704882706
549704843488
549704797660
549704749568
549704698398
549704637722
549704568410
549704501892
549704455114
549704448090
549704493030
549704586186
549704704960
549704815900
549704886930
549704902398
549704866910
549704802478
549704737078
549704693458
549704678262
549704685202
549704698828
549704704032
549704694250
549704671608
549704640892
549704605240
549704563200
549704511354
549704450936
549704388236
549704337918
549704316662
549704338170
549704397912
549704478054
549704552960
549704599884
549704611512
549704596222
549704576498
549704574556
549704601560
549704654398
549704715628
549704761768
549704777088
549704759514
549704718566
549704671164
549704631326
549704604732
549704590462
549704584004
549704583404
549704591256
549704614606
549704656804
549704708938
549704755284
549704775558
549704755336
549704695198
549704609992
549704525610
549704467990
549704450072
549704467802
549704506172
549704544156
549704568236
549704578580
549704584614
549704599512
549704630006
549704674044
549704718816
549704749696
549704758520
549704749938
549704735620
549704728012
549704730394
549704737698
549704736652
549704713208
549704662264
549704588840
549704510082
549704442908
549704394836
549704364550
549704343530
549704321524
549704298744
549704285596
549704297266
549704346092
549704432102
549704537688
549704637182
549704703510
549704721648
549704693932
549704639554
549704582708
549704541968
549704529210
549704541194
549704569776
549704607518
549704650086
549704697864
549704748912
549704792968
549704813610
549704794664
549704728110
549704620586
549704496446
549704389172
549704329856
549704332870
549704392990
549704486894
549704585490
549704665710
549704716968
549704741644
549704750014
549704751380
549704748506
549704738404
549704717866
549704689376
549704662450
549704651184
549704663654
549704697568
549704742110
549704777026
549704784058
549704757058
549704704358
549704644630
549704594372
549704563280
549704545242
549704526082
549704490732
549704433134
549704362050
549704296364
549704256168
549704252702
549704284574
549704335694
549704384684
549704416484
549704