0
0
0
0
0
0
0
0
0
0
0
0
0
0
0
0
0
0
0
0
0
0
0
0
0
0
0
0
0
0
0
0
0
0
0
0
0
0
0
0
0
0
0
0
0
0
0
0
0
0
0
0
0
0
0
0
0
0
0
0
0
0
0
0
0
0
0
0
0
0
0
0
0
0
0
0
0
0
0
0
0
0
0
0
0
0
0
0
0
0
0
0
0
0
0
0
0
0
0
0
0
0
0
0
0
0
0
0
0
0
0
0
0
0
0
0
0
0
0
0
0
0
0
0
0
0
0
0
0
0
0
0
0
0
0
0
0
0
0
0
0
0
0
0
0
0
0
0
0
549755813866
549755813521
549755813405
549755813192
549755813034
549755812980
549755813067
549755813307
549755813666
185
542
747
726
458
549755813877
549755813323
549755812846
549755812621
549755812791
549755813425
606
1977
3435
4727
5615
5931
5615
4727
3435
1977
606
549755813425
549755812791
549755812621
549755812846
549755813323
549755813877
458
726
747
542
185
549755813666
549755813307
549755813067
549755812980
549755813034
549755813192
549755813405
549755813521
549755813866
0
0
0
0
0
0
0
0
0
0
0
0
0
0
0
0
0
0
0
0
0
0
0
0
0
0
0
0
0
0
0
0
0
0
0
0
0
0
0
0
0
0
0
0
0
0
0
0
0
0
0
0
0
0
0
0
0
0
0
0
0
0
0
0
0
0
0
0
